816,
818,
819,
205,
220,
164,
220,
953,
956,
956,
954,
979,
961,
952,
955,
954,
953,
954,
959,
953,
958,
956,
954,
953,
971,
965,
961,
954,
967,
980,
974,
983,
986,
986,
955,
995,
995,
961,
966,
981,
959,
961,
958,
957,
956,
954,
954,
957,
968,
982,
967,
958,
959,
982,
967,
968,
980,
967,
968,
956,
988,
967,
984,
962,
954,
974,
951,
957,
960,
955,
960,
984,
964,
977,
956,
962,
962,
953,
987,
956,
963,
981,
959,
969,
969,
967,
954,
981,
986,
957,
957,
955,
953,
957,
984,
956,
965,
967,
975,
963,
961,
986,
954,
959,
956,
955,
954,
955,
990,
957,
953,
979,
959,
967,
982,
959,
961,
964,
984,
967,
966,
971,
959,
986,
966,
952,
979,
962,
954,
968,
967,
966,
967,
960,
969,
970,
983,
992,
970,
957,
951,
959,
985,
963,
959,
961,
959,
973,
958,
970,
961,
970,
983,
963,
971,
972,
954,
974,
964,
957,
964,
969,
982,
954,
974,
971,
963,
960,
964,
973,
970,
956,
961,
973,
965,
970,
971,
962,
972,
965,
963,
970,
954,
961,
960,
987,
964,
990,
987,
961,
965,
955,
963,
967,
955,
989,
992,
978,
983,
973,
971,
996,
963,
963,
963,
965,
966,
986,
954,
965,
986,
973,
959,
962,
955,
986,
975,
954,
970,
974,
993,
991,
957,
959,
990,
963,
984,
976,
972,
959,
960,
994,
972,
986,
955,
972,
973,
993,
1000,
976,
996,
972,
958,
1001,
992,
959,
956,
976,
959,
998,
958,
964,
975,
961,
960,
977,
974,
976,
960,
977,
967,
986,
997,
973,
956,
968,
976,
996,
976,
978,
974,
976,
967,
960,
969,
975,
991,
977,
974,
1002,
975,
955,
953,
961,
963,
1008,
1006,
977,
957,
976,
977,
954,
959,
1002,
955,
966,
980,
955,
955,
963,
958,
955,
987,
1008,
965,
968,
960,
978,
968,
963,
955,
1001,
956,
956,
958,
965,
979,
963,
999,
959,
982,
1023,
1023,
952,
1001,
957,
953,
1002,
1023,
1023,
1023,
1023,
953,
1023,
970,
1023,
954,
1023,
975,
1012,
951,
966,
1023,
954,
1023,
1023,
1023,
953,
968,
1023,
960,
1023,
953,
1023,
1023,
1023,
1023,
1001,
1023,
1023,
1023,
950,
1023,
952,
948,
1023,
968,
1023,
1023,
966,
967,
951,
972,
950,
1023,
988,
962,
952,
1023,
973,
950,
952,
1023,
954,
1023,
951,
1023,
1023,
978,
951,
950,
973,
953,
969,
955,
985,
952,
967,
1003,
1023,
1023,
1023,
1023,
1001,
954,
1023,
954,
1023,
1023,
1023,
1023,
1023,
954,
1023,
954,
1023,
1023,
964,
953,
1023,
953,
1023,
951,
984,
951,
954,
1023,
953,
974,
963,
952,
951,
1023,
949,
1023,
971,
1023,
1023,
1023,
954,
1023,
960,
985,
1023,
971,
1023,
965,
959,
1023,
1023,
1023,
1023,
962,
951,
953,
948,
1023,
951,
951,
953,
1023,
953,
951,
972,
1023,
967,
964,
971,
1023,
950,
1023,
966,
955,
973,
978,
1023,
1023,
1023,
1023,
993,
951,
962,
1023,
1023,
960,
1023,
1023,
984,
1023,
951,
964,
952,
950,
949,
969,
1023,
950,
964,
1023,
1023,
1023,
967,
1023,
1023,
1023,
1023,
988,
1010,
1023,
1023,
956,
979,
1023,
953,
1023,
1023,
1023,
984,
956,
975,
950,
950,
1004,
1023,
1023,
1023,
952,
1023,
961,
951,
1023,
973,
1023,
1023,
969,
951,
952,
1023,
950,
994,
952,
1023,
1023,
960,
960,
952,
951,
966,
951,
1023,
968,
1023,
1023,
1023,
1023,
952,
987,
1023,
954,
1023,
962,
951,
952,
957,
1023,
962,
998,
1023,
1023,
1023,
1010,
969,
1023,
1023,
956,
950,

951,
1017,
978,
950,
1023,
1023,
950,
1023,
959,
1023,
955,
1023,
968,
1023,
1023,
1023,
965,
1023,
951,
958,
966,
1023,
1023,
1023,
1023,
1023,
966,
1023,
958,
985,
950,
1023,
1023,
952,
1023,
975,
1023,
1023,
971,
1023,
952,
958,
1023,
1023,
1023,
1023,
1023,
950,
962,
1004,
966,
954,
1023,
1023,
960,
988,
1023,
953,
953,
1023,
968,
1023,
1023,
969,
1023,
953,
951,
950,
1023,
956,
960,
1023,
954,
1023,
1023,
1023,
988,
1023,
9
1023,
953,
1023,
1023,
953,
977,
1023,
1023,
991,
949,
972,
952,
1023,
961,
953,
967,
1023,
1023,
1023,
1023,
949,
967,
974,
953,
966,
1015,
1023,
1023,
965,
1023,
951,
954,
1023,
1023,
1023,
951,
1023,
950,
1023,
957,
1023,
952,
1023,
964,
1023,
1023,
959,
950,
954,
953,
1023,
950,
1023,
952,
979,
1023,
964,
951,
968,
1023,
1023,
1023,
1023,
953,
949,
950,
954,
1023,
981,
951,
964,
1019,
951,
952,
1023,
1019,
1023,
1023,
1011,

1023,
975,
1023,
1023,
966,
956,
1023,
1023,
951,
956,
952,
1023,
969,
1023,
1023,
966,
949,
1023,
970,
974,
961,
970,
988,
1023,
1023,
1023,
1023,
1002,
950,
1023,
954,
952,
1023,
1007,
1023,
974,
966,
954,
950,
983,
1023,
965,
951,
971,
952,
968,
1023,
1023,
1023,
1023,
1023,
1023,
955,
1023,
965,
1023,
1023,
1023,
1023,
1023,
1023,
952,
1023,
952,
1023,
972,
1023,
1023,
985,
1023,
1023,
1023,
988,
1023,
968,
1023,
1023,
1023,
972,
979,
958,
1023,
1023,
1023,
953,
961,
952,
986,
986,
952,
950,
1023,
978,
1023,
950,
1023,
951,
1023,
1023,
1023,
1023,
1023,
961,
1023,
951,
1023,
989,
973,
954,
986,
953,
1023,
1023,
1023,
951,
952,
1023,
1023,
955,
952,
1023,
1023,
1023,
1023,
1023,
950,
950,
968,
976,
1023,
950,
973,
953,
1023,
960,
950,
955,
952,
1023,
1023,
1016,
953,
952,
1023,
1023,
1023,
1023,
974,
1023,
1023,
951,
1023,
975,
1023,
952,
1023,
1023,

952,
963,
970,
962,
950,
980,
969,
1023,
1023,
952,
964,
987,
1023,
1023,
952,
1023,
952,
1023,
989,
952,
951,
1023,
953,
953,
1023,
1023,
1023,
1023,
1023,
1023,
1023,
1023,
988,
1023,
1023,
1023,
951,
1023,
1023,
954,
964,
1023,
1023,
985,
965,
1023,
965,
980,
951,
955,
987,
1023,
952,
951,
973,
1023,
975,
1023,
1023,
1023,
1023,
1023,
1023,
1023,
1023,
278,
287,
291,
296,
299,
302,
304,
305,
307,
308,
309,
310,
311,
312,
312
314,
315,
315,
316,
317,
317,
318,
318,
318,
318,
319,
319,
316,
317,
314,
314,
316,
317,
316,
310,
311,
311,
311,
308,
310,
311,
312,
312,
312,
312,
311,
303,
304,
304,
304,
305,
305,
304,
305,
305,
304,
303,
301,
301,
302,
302,
302,
295,
297,
299,
299,
300,
300,
301,
300,
301,
300,
301,
301,
295,
294,
285,
287,
287,
287,
287,
287,
287,
287,
287,
288,
288,
287,
285,
285,
285,
285,
285,
286,
285,
286,
285,
285,
285,
285,
284,
276,
276,
276,
276,
277,
277,
276,
276,
276,
276,
276,
275,
275,
275,
275,
275,
275,
275,
275,
274,
274,
273,
272,
272,
272,
271,
271,
270,
270,
270,
270,
252,
249,
249,
250,
250,
251,
251,
251,
251,
251,
251,
250,
250,
250,
249,
247,
246,
246,
246,
246,
244,
244,
244,
244,
244,
243,
243,
242,
242,
241,
241,
240,
240,
239,
238,
238,
238,
237,
237,
237,
236,
232,
232,
231,
230,
228,
228,
227,
226,
226,
226,
225,
224,
224,
224,
224,
223,
223,
223,
223,
210,
206,
206,
206,
206,
206,
207,
207,
207,
206,
206,
206,
205,
205,
205,
205,
205,
205,
205,
205,
204,
204,
205,
204,
204,
203,
203,
203,
203,
202,
202,
200,
199,
199,
200,
199,
200,
200,
199,
198,
198,
198,
198,
197,
197,
198,
198,
197,
198,
197,
198,
197,
197,
196,
197,
196,
197,
196,
195,
195,
195,
194,
195,
193,
194,
193,
194,
193,
193,
194,
194,
194,
195,
195,
195,
195,
195,
195,
195,
195,
195,
195,
195,
195,
195,
195,
194,
194,
195,
195,
195,
195,
195,
195,
195,
195,
195,
196,
195,
196,
196,
196,
196,
196,
196,
197,
196,
197,
196,
196,
197,
197,
197,
197,
197,
197,
197,
197,
197,
198,
199,
198,
199,
199,
199,
199,
200,
200,
200,
200,
199,
199,
199,
199,
199,
199,
199,
200,
201,
201,
201,
201,
201,
201,
202,
201,
202,
202,
202,
203,
203,
203,
203,
204,
204,
204,
204,
204,
204,
205,
204,
205,
205,
205,
206,
206,
205,
206,
206,
207,
207,
206,
207,
207,
207,
207,
207,
207,
208,
207,
207,
208,
208,
207,
208,
207,
208,
208,
209,
209,
209,
209,
209,
209,
209,
209,
210,
209,
210,
210,
210,
210,
210,
210,
211,
211,
212,
212,
211,
212,
212,
213,
213,
213,
213,
213,
213,
214,
213,
214,
214,
214,
214,
214,
215,
214,
215,
215,
215,
214,
214,
214,
214,
215,
215,
215,
215,
216,
215,
215,
215,
215,
216,
215,
216,
215,
215,
215,
216,
21
214,
215,
215,
215,
215,
215,
216,
216,
216,
217,
217,
217,
217,
217,
218,
218,
217,
217,
218,
217,
218,
219,
219,
219,
220,
220,
220,
220,
220,
220,
220,
221,
221,
221,
222,
222,
222,
222,
223,
222,
222,
222,
222,
222,
222,
223,
223,
222,
222,
223,
222,
223,
224,
223,
223,
223,
224,
224,
224,
224,
225,
224,
225,
226,
226,
225,
225,
226,
226,
226,
228,
227,
227,
229,
227,
227,
227,
227,
228,
227,
229,
228,
228,
229,
229,
229,
229,
229,
230,
230,
230,
230,
231,
231,
231,
231,
231,
231,
231,
232,
232,
232,
232,
232,
232,
233,
233,
233,
234,
233,
233,
233,
234,
234,
234,
234,
234,
234,
235,
234,
235,
234,
235,
235,
236,
236,
236,
237,
238,
237,
237,
238,
237,
238,
239,
239,
240,
239,
240,
240,
240,
240,
240,
241,
241,
241,
242,
240,
241,
241,
241,
242,
242,
243,
242,
242,
242,
242,
242,
242,
242,
242,
242,
244,
243,
243,
244,
244,
244,
244,
244,
245,
245,
244,
245,
245,
245,
245,
246,
246,
246,
246,
247,
247,
247,
248,
248,
248,
249,
249,
249,
249,
250,
250,
250,
250,
251,
251,
251,
251,
252,
253,
251,
252,
252,
253,
252,
253,
252,
253,
254,
253,
254,
255,
255,
255,
254,
255,
255,
255,
256,
256,
255,
256,
256,
256,
256,
256,
257,
256,
257,
256,
257,
257,
257,
258,
257,
257,
258,
257,
258,
258,
258,
258,
258,
258,
258,
259,
259,
258,
260,
259,
259,
259,
259,
260,259,
259,
260,
261,
260,
260,
260,
260,
260,
261,
260,
262,
261,
260,
260,
262,
262,
262,
262,
261,
262,
262,
261,
262,
263,
263,
263,
262,
262,
263,
263,
262,
264,
263,
263,
263,
263,
265,
264,
264,
264,
264,
264,
264,
265,
265,
265,
265,
266,
265,
266,
265,
267,
265,
267,
266,
265,
266,
267,
267,
266,
267,
268,
268,
268,
267,
267,
268,
268,
268,
268,
268,
268,
269,
269,
269,
268,
269,
268,
269,
270,
269,
268,
269,
269,
26
270,
270,
270,
271,
270,
271,
271,
271,
271,
271,
271,
271,
272,
271,
271,
272,
271,
271,
271,
272,
271,
273,
272,
272,
272,
273,
273,
273,
274,
273,
273,
273,
273,
273,
273,
274,
272,
273,
273,
272,
273,
274,
273,
274,
275,
274,
274,
274,
275,
274,
275,
274,
275,
275,
274,
276,
276,
274,
274,
275,
275,
274,
275,
275,
275,
275,
275,
275,
276,
276,
275,
275,
275,
276,
276,
276,
275,
276,
276,
276,
276,
276,
276,
276,
276,

277,
277,
277,
277,
277,
277,
277,
278,
277,
277,
278,
278,
278,
277,
278,
278,
277,
278,
278,
278,
278,
278,
278,
279,
278,
279,
278,
278,
279,
278,
279,
279,
279,
280,
280,
280,
279,
280,
279,
281,
280,
279,
280,
280,
280,
281,
280,
280,
280,
282,
280,
281,
281,
281,
281,
281,
283,
281,
281,
281,
282,
281,
282,
282,
282,
282,
282,
283,
282,
282,
283,
282,
282,
283,
283,
283,
282,
282,
282,
285,
283,
284,
283,
283,
282,
284,
283,
283,
284,
283,
285,
284,
284,
284,
284,
284,
284,
284,
285,
284,
284,
284,
285,
285,
285,
285,
286,
286,
285,
286,
287,
285,
286,
286,
286,
285,
285,
285,
286,
286,
286,
286,
286,
286,
286,
286,
286,
286,
286,
286,
286,
286,
287,
286,
287,
287,
288,
287,
288,
287,
288,
288,
288,
287,
289,
288,
287,
288,
289,
288,
289,
288,
290,
288,
288,
290,
290,
289,
288,
289,
289,
289,
289,
289,
289,
289,
290,
290,
290,
289,
