942,
940,
939,
945,
941,
943,
942,
942,
948,
944,
944,
945,
280,
258,
286,
323,
329,
331,
332,
334,
335,
335,
337,
337,
338,
339,
339,
339,
340,
340,
341,
341,
341,
341,
342,
342,
341,
342,
342,
343,
343,
343,
343,
343,
343,
343,
343,
343,
344,
343,
343,
343,
343,
343,
343,
343,
343,
343,
343,
338,
341,
343,
343,
342,
343,
343,
343,
343,
343,
343,
344,
343,
343,
343,
343,
343,
290,
279,
280,
283,
287,
289,
291,
291,
291,
291,
292,
291,
292,
292,
292,
293,
292,
293,
293,
293,
293,
293,
293,
293,
293,
293,
293,
293,
294,
293,
293,
293,
294,
294,
294,
293,
294,
283,
283,
284,
284,
284,
284,
284,
284,
284,
285,
285,
285,
284,
285,
285,
284,
286,
285,
285,
285,
284,
285,
284,
284,
285,
284,
284,
285,
285,
285,
286,
287,
290,
291,
292,
292,
293,
293,
293,
293,
293,
293,
294,
293,
293,
293,
293,
293,
293,
295,
294,
293,
293,
287,
282,
282,
282,
282,
282,
282,
282,
282,
283,
283,
283,
284,
287,
290,
293,
293,
294,
294,
294,
295,
294,
294,
295,
295,
295,
295,
295,
295,
295,
295,
295,
295,
295,
295,
295,
295,
295,
295,
295,
295,
295,
295,
296,
296,
295,
296,
293,
283,
283,
283,
282,
283,
283,
283,
284,
283,
283,
283,
283,
284,
284,
284,
284,
284,
284,
284,
284,
284,
284,
284,
284,
284,
284,
284,
285,
286,
287,
287,
287,
288,
287,
287,
287,
287,
287,
287,
287,
287,
287,
287,
287,
287,
287,
286,
287,
287,
287,
287,
286,
286,
287,
287,
286,
286,
286,
286,
286,
286,
286,
286,
286,
286,
286,
286,
286,
286,
286,
285,
286,
286,
286,
286,
285,
285,
286,
286,
285,
285,
285,
285,
285,
285,
285,
285,
285,
285,
285,
285,
284,
284,
284,
284,
284,
284,
284,
286,
289,
291,
292,
293,
293,
293,
293,
293,
292,
293,
293,
293,
292,
292,
292,
292,
292,
292,
292,
292,
292,
292,
292,
292,
292,
291,
291,
292,
291,
291,
291,
291,
291,
291,
291,
291,
291,
290,
291,
290,
290,
290,
290,
290,
290,
290,
290,
290,
290,
289,
289,
289,
289,
289,
289,
289,
288,
288,
288,
289,
288,
288,
288,
288,
284,
283,
284,
283,
283,
283,
283,
282,
283,
282,
283,
282,
282,
282,
282,
281,
281,
282,
281,
281,
280,
280,
280,
280,
280,
280,
278,
278,
278,
277,
276,
276,
275,
275,
275,
274,
273,
273,
272,
272,
271,
270,
273,
276,
280,
280,
280,
279,
279,
278,
278,
278,
278,
277,
277,
277,
276,
276,
276,
246,
232,
228,
227,
226,
225,
224,
224,
224,
224,
224,
223,
223,
223,
222,
222,
222,
223,
224,
225,
225,
225,
224,
225,
225,
224,
224,
223,
223,
223,
223,
222,
222,
221,
221,
221,
220,
220,
220,
219,
219,
219,
219,
222,
227,
231,
236,
241,
246,
251,
256,
261,
264,
266,
266,
267,
267,
267,
267,
267,
268,
268,
268,
268,
269,
268,
269,
268,
269,
268,
269,
269,
269,
269,
269,
269,
270,
270,
270,
270,
270,
270,
270,
270,
270,
270,
270,
270,
270,
270,
270,
271,
270,
270,
271,
268,
235,
225,
219,
217,
214,
212,
211,
210,
209,
209,
209,
208,
208,
208,
207,
207,
207,
207,
207,
207,
207,
207,
207,
207,
207,
207,
206,
207,
207,
207,
207,
207,
207,
207,
207,
206,
207,
207,
207,
207,
206,
207,
206,
207,
206,
206,
207,
206,
206,
206,
206,
206,
206,
206,
206,
206,
206,
206,
206,
206,
206,
206,
206,
206,
206,
206,
206,
206,
206,
205,
206,
206,
206,
206,
205,
206,
205,
206,
206,
205,
205,
206,
206,
206,
206,
206,
206,
206,
206,
206,
206,
206,
206,
206,
206,
206,
205,
206,
205,
206,
205,
205,
205,
206,
205,
206,
205,
205,
206,
205,
206,
205,
205,
206,
205,
205,
205,
205,
206,
207,
208,
209,
209,
209,
209,
209,
209,
209,
209,
209,
208,
209,
209,
208,
209,
208,
209,
208,
208,
209,
208,
208,
208,
209,
209,
208,
208,
208,
208,
208,
208,
208,
208,
208,
208,
208,
208,
208,
207,
208,
207,
207,
207,
207,
207,
207,
207,
208,
207,
207,
207,
207,
207,
207,
207,
207,
207,
207,
207,
207,
207,
207,
207,
207,
207,
207,
207,
206,
206,
206,
207,
207,
207,
206,
207,
206,
207,
207,
207,
207,
207,
207,
207,
207,
207,
207,
206,
206,
206,
206,
206,
206,
206,
206,
206,
206,
206,
206,
206,
206,
206,
206,
206,
206,
205,
206,
206,
205,
206,
205,
205,
206,
205,
205,
205,
205,
205,
205,
205,
205,
205,
205,
205,
205,
205,
205,
205,
205,
205,
205,
205,
205,
205,
205,
205,
205,
205,
205,
205,
205,
205,
205,
204,
204,
204,
204,
204,
204,
204,
204,
204,
204,
204,
204,
204,
204,
204,
204,
204,
204,
204,
204,
203,
204,
203,
203,
203,
203,
204,
203,
204,
204,
203,
203,
203,
203,
203,
203,
203,
203,
203,
203,
203,
203,
203,
203,
203,
203,
202,
202,
203,
202,
202,
202,
202,
203,
202,
202,
202,
202,
202,
202,
202,
202,
202,
202,
202,
202,
202,
202,
202,
202,
202,
202,
202,
202,
202,
202,
202,
202,
202,
202,
201,
201,
201,
201,
201,
201,
201,
201,
201,
200,
201,
201,
201,
200,
201,
200,
200,
200,
200,
200,
200,
200,
200,
200,
200,
200,
200,
200,
200,
200,
200,
199,
200,
199,
200,
200,
200,
199,
199,
200,
199,
199,
199,
199,
199,
199,
199,
199,
199,
199,
199,
199,
199,
199,
199,
199,
199,
199,
199,
198,
199,
199,
199,
199,
199,
198,
198,
198,
199,
199,
199,
198,
199,
199,
199,
199,
199,
199,
199,
199,
199,
199,
199,
199,
198,
198,
199,
198,
199,
198,
198,
199,
199,
198,
198,
199,
198,
198,
198,
198,
198,
198,
198,
198,
198,
198,
198,
198,
198,
198,
198,
198,
198,
198,
198,
198,
198,
198,
198,
198,
198,
198,
197,
197,
198,
198,
198,
198,
197,
197,
198,
197,
198,
197,
197,
197,
198,
197,
197,
197,
198,
197,
197,
197,
198,
197,
197,
197,
197,
197,
197,
197,
197,
197,
197,
197,
197,
197,
197,
197,
197,
197,
197,
196,
197,
197,
197,
197,
196,
197,
197,
196,
196,
196,
197,
196,
196,
196,
196,
196,
196,
196,
196,
196,
196,
197,
196,
196,
196,
196,
196,
196,
196,
196,
196,
196,
196,
196,
196,
196,
196,
196,
196,
196,
196,
195,
196,
196,
196,
196,
196,
196,
196,
196,
196,
195,
196,
196,
195,
196,
195,
195,
195,
195,
196,
196,
196,
195,
196,
195,
195,
195,
195,
196,
196,
196,
195,
195,
195,
195,
195,
196,
195,
195,
195,
196,
195,
196,
195,
195,
196,
196,
195,
195,
195,
195,
195,
196,
196,
195,
195,
195,
195,
195,
195,
195,
195,
195,
195,
195,
195,
195,
195,
195,
195,
195,
195,
195,
195,
194,
195,
195,
195,
195,
194,
195,
195,
195,
195,
195,
194,
194,
195,
194,
195,
194,
195,
195,
194,
194,
194,
194,
194,
194,
194,
194,
194,
194,
194,
194,
194,
194,
194,
194,
194,
194,
193,
193,
194,
194,
194,
192,
193,
194,
194,
194,
194,
194,
194,
194,
193,
194,
193,
194,
194,
193,
193,
193,
193,
193,
193,
193,
193,
193,
193,
193,
193,
193,
193,
193,
193,
193,
193,
193,
193,
193,
193,
193,
193,
193,
193,
193,
192,
192,
193,
193,
193,
192,
192,
192,
192,
192,
192,
193,
192,
192,
192,
192,
193,
192,
192,
192,
192,
192,
192,
192,
192,
193,
192,
192,
192,
192,
192,
192,
192,
192,
191,
191,
191,
191,
192,
191,
192,
192,
192,
191,
192,
191,
192,
191,
191,
191,
191,
191,
191,
191,
191,
191,
191,
191,
191,
191,
191,
191,
191,
191,
191,
191,
191,
190,
191,
190,
191,
190,
190,
190,
190,
190,
190,
190,
190,
190,
190,
190,
190,
190,
190,
190,
190,
190,
190,
189,
189,
189,
189,
189,
189,
189,
189,
189,
189,
189,
189,
189,
189,
189,
188,
188,
188,
188,
189,
188,
188,
188,
188,
188,
188,
188,
188,
188,
188,
188,
188,
188,
188,
188,
188,
188,
188,
188,
188,
188,
188,
188,
188,
188,
188,
188,
188,
188,
188,
188,
188,
188,
188,
188,
188,
188,
188,
188,
188,
188,
188,
188,
187,
188,
188,
188,
188,
188,
187,
188,
188,
188,
188,
187,
188,
188,
188,
188,
188,
188,
188,
188,
188,
188,
188,
188,
188,
187,
188,
187,
188,
188,
188,
188,
188,
188,
187,
188,
188,
188,
187,
187,
187,
188,
187,
187,
187,
187,
188,
187,
187,
187,
187,
187,
187,
187,
187,
187,
187,
187,
187,
187,
187,
187,
187,
187,
187,
187,
187,
187,
187,
187,
187,
187,
187,
187,
187,
187,
187,
187,
187,
187,
187,
187,
187,
187,
187,
187,
187,
187,
186,
186,
186,
187,
186,
187,
187,
187,
187,
187,
187,
187,
187,
187,
187,
187,
187,
187,
186,
186,
187,
187,
187,
187,
186,
186,
185,
185,
185,
185,
184,
184,
184,
184,
184,
185,
184,
184,
184,
185,
184,
184,
184,
184,
184,
184,
184,
184,
184,
185,
185,
184,
185,
185,
185,
185,
185,
185,
185,
185,
185,
185,
185,
185,
185,
185,
185,
186,
185,
185,
185,
185,
185,
185,
185,
185,
185,
185,
185,
186,
185,
185,
185,
185,
185,
185,
185,
185,
185,
185,
185,
185,
185,
185,
185,
185,
185,
185,
185,
185,
185,
185,
185,
185,
185,
186,
185,
185,
185,
186,
185,
185,
185,
185,
185,
185,
185,
185,
185,
185,
185,
185,
185,
185,
185,
185,
185,
185,
185,
185,
185,
185,
185,
185,
185,
185,
185,
185,
185,
185,
184,
185,
185,
185,
185,
185,
185,
185,
185,
185,
185,
185,
185,
185,
184,
185,
185,
185,
185,
185,
185,
184,
185,
185,
184,
185,
185,
184,
185,
185,
185,
185,
184,
185,
184,
185,
184,
185,
185,
185,
185,
185,
185,
184,
185,
185,
185,
185,
185,
185,
184,
185,
184,
184,
185,
185,
184,
185,
185,
185,
185,
185,
185,
184,
184,
185,
185,
185,
185,
184,
185,
184,
184,
184,
184,
184,
184,
184,
184,
185,
184,
184,
184,
184,
185,
184,
184,
184,
184,
184,
185,
184,
184,
184,
184,
184,
184,
185,
185,
184,
184,
184,
184,
184,
184,
184,
185,
184,
185,
185,
184,
184,
184,
184,
184,
184,
184,
185,
184,
184,
185,
184,
184,
185,
184,
185,
185,
184,
184,
184,
185,
185,
184,
184,
185,
184,
184,
184,
185,
184,
184,
184,
185,
184,
184,
184,
184,
184,
184,
184,
185,
185,
184,
184,
185,
185,
185,
184,
185,
185,
184,
184,
184,
185,
184,
185,
185,
185,
185,
185,
185,
185,
185,
185,
185,
185,
185,
185,
186,
185,
186,
186,
186,
186,
186,
186,
186,
186,
186,
186,
186,
186,
186,
186,
186,
186,
187,
187,
187,
186,
187,
187,
187,
187,
187,
187,
187,
187,
187,
187,
187,
187,
187,
187,
188,
187,
188,
188,
188,
187,
188,
187,
188,
188,
188,
188,
188,
188,
188,
188,
188,
188,
188,
189,
188,
188,
189,
189,
189,
189,
189,
189,
189,
189,
189,
189,
189,
189,
189,
189,
189,
189,
189,
189,
189,
190,
189,
190,
190,
190,
190,
190,
190,
190,
190,
190,
190,
190,
190,
190,
191,
190,
190,
191,
190,
190,
190,
191,
191,
191,
191,
191,
190,
190,
190,
191,
191,
190,
191,
191,
191,
191,
191,
191,
191,
191,
191,
191,
191,
191,
190,
191,
191,
191,
190,
190,
191,
191,
191,
191,
191,
191,
191,
191,
191,
191,
191,
191,
191,
191,
191,
191,
191,
191,
191,
191,
191,
191,
191,
191,
190,
191,
191,
191,
191,
191,
191,
191,
191,
191,
191,
191,
191,
191,
191,
191,
190,
190,
190,
191,
190,
191,
191,
191,
191,
191,
191,
191,
191,
191,
191,
191,
191,
191,
191,
191,
191,
191,
191,
191,
191,
191,
191,
191,
191,
191,
191,
191,
191,
191,
191,
191,
191,
191,
191,
191,
191,
191,
191,
191,
191,
191,
191,
191,
191,
191,
191,
191,
191,
191,
191,
191,
191,
191,
191,
191,
191,
191,
192,
191,
191,
191,
191,
191,
191,
191,
191,
191,
191,
192,
191,
191,
191,
191,
191,
191,
191,
191,
191,
192,
192,
192,
191,
192,
192,
192,
192,
192,
192,
192,
192,
192,
192,
192,
192,
192,
192,
192,
192,
192,
192,
192,
192,
192,
192,
192,
192,
192,
192,
192,
192,
192,
193,
193,
193,
193,
193,
193,
193,
193,
193,
193,
193,
193,
193,
193,
193,
193,
193,
193,
193,
193,
193,
193,
193,
193,
194,
193,
194,
194,
193,
194,
194,
194,
194,
194,
194,
194,
194,
194,
194,
194,
194,
194,
194,
194,
195,
194,
195,
195,
195,
195,
195,
195,
195,
195,
194,
194,
194,
194,
194,
194,
194,
194,
195,
194,
194,
195,
195,
195,
196,
195,
195,
195,
195,
196,
196,
195,
195,
196,
196,
196,
196,
196,
196,
196,
196,
197,
197,
196,
197,
197,
197,
194,
194,
195,
195,
195,
195,
195,
195,
195,
196,
195,
195,
196,
196,
196,
196,
196,
196,
196,
195,
195,
196,
196,
196,
196,
196,
196,
196,
196,
196,
197,
196,
197,
197,
197,
197,
197,
197,
197,
197,
197,
197,
196,
197,
197,
197,
197,
197,
197,
197,
197,
197,
197,
198,
198,
197,
197,
197,
198,
197,
198,
198,
198,
194,
195,
195,
195,
195,
195,
195,
189,
189,
190,
189,
193,
200,
201,
202,
202,
203,
203,
203,
204,
204,
204,
204,
205,
204,
205,
205,
205,
205,
205,
205,
206,
205,
206,
206,
206,
206,
206,
206,
206,
206,
207,
206,
207,
206,
207,
207,
207,
207,
207,
207,
207,
207,
207,
207,
207,
208,
208,
208,
208,
208,
208,
208,
208,
208,
208,
208,
208,
208,
208,
208,
208,
208,
208,
208,
208,
208,
209,
209,
209,
209,
209,
209,
209,
209,
209,
209,
209,
209,
209,
209,
209,
209,
209,
209,
209,
209,
209,
209,
209,
209,
209,
209,
209,
209,
209,
209,
209,
209,
209,
209,
209,
209,
209,
209,
209,
208,
209,
208,
208,
208,
208,
208,
208,
209,
208,
208,
208,
208,
208,
208,
208,
208,
208,
208,
208,
208,
207,
207,
208,
208,
208,
208,
208,
208,
208,
208,
208,
208,
208,
208,
208,
208,
209,
208,
209,
208,
209,
209,
208,
209,
209,
209,
209,
209,
209,
208,
208,
209,
209,
209,
209,
209,
208,
208,
208,
208,
208,
208,
209,
208,
208,
208,
208,
208,
208,
208,
208,
208,
208,
209,
209,
209,
209,
208,
209,
209,
209,
209,
209,
208,
209,
209,
208,
209,
209,
209,
209,
209,
209,
209,
209,
209,
209,
209,
209,
208,
209,
209,
209,
208,
209,
209,
209,
209,
209,
209,
208,
209,
209,
208,
209,
209,
209,
209,
209,
209,
209,
209,
209,
209,
209,
209,
209,
209,
209,
209,
210,
210,
209,
209,
209,
209,
210,
210,
211,
211,
211,
211,
212,
212,
212,
211,
212,
212,
212,
211,
212,
211,
212,
212,
211,
212,
211,
211,
211,
211,
209,
209,
209,
209,
209,
209,
209,
209,
209,
209,
209,
209,
209,
209,
210,
209,
210,
210,
210,
210,
210,
210,
210,
210,
210,
210,
210,
209,
210,
209,
210,
210,
210,
210,
210,
210,
209,
210,
210,
210,
212,
212,
212,
213,
212,
212,
212,
212,
212,
212,
212,
212,
212,
212,
212,
212,
211,
212,
211,
211,
212,
211,
211,
211,
211,
211,
211,
211,
211,
211,
211,
211,
211,
211,
211,
211,
211,
211,
211,
211,
211,
211,
211,
211,
211,
211,
211,
211,
211,
211,
211,
211,
211,
211,
211,
211,
211,
211,
211,
211,
211,
211,
211,
211,
211,
211,
211,
211,
211,
211,
211,
211,
211,
211,
211,
211,
211,
211,
211,
211,
211,
211,
211,
211,
211,
211,
211,
211,
211,
211,
211,
211,
211,
211,
211,
211,
211,
211,
211,
211,
211,
211,
211,
211,
211,
211,
211,
212,
212,
212,
212,
212,
212,
212,
212,
212,
212,
212,
212,
212,
212,
212,
212,
211,
212,
212,
211,
212,
212,
212,
212,
212,
212,
212,
212,
212,
212,
212,
212,
212,
212,
212,
212,
212,
212,
212,
212,
212,
212,
212,
212,
212,
212,
212,
212,
212,
212,
212,
212,
212,
212,
212,
212,
212,
212,
212,
212,
212,
212,
212,
212,
212,
212,
212,
212,
212,
212,
212,
212,
212,
212,
212,
212,
212,
212,
212,
212,
212,
212,
212,
213,
213,
213,
213,
213,
213,
213,
213,
213,
213,
213,
213,
213,
213,
213,
213,
213,
213,
214,
213,
213,
214,
213,
213,
213,
212,
213,
213,
213,
213,
213,
213,
213,
213,
213,
213,
213,
213,
213,
213,
213,
213,
213,
213,
213,
214,
214,
214,
214,
214,
214,
214,
214,
213,
214,
213,
213,
213,
213,
213,
213,
213,
213,
213,
213,
214,
213,
213,
211,
211,
211,
211,
212,
212,
