984,
982,
981,
976,
974,
973,
970,
969,
969,
969,
969,
968,
970,
969,
973,
968,
968,
969,
968,
968,
967,
969,
971,
969,
967,
967,
967,
967,
968,
967,
967,
969,
973,
969,
969,
967,
964,
964,
964,
962,
963,
962,
964,
963,
962,
963,
963,
966,
962,
962,
964,
963,
963,
961,
959,
958,
959,
961,
959,
958,
958,
958,
959,
957,
958,
957,
956,
956,
954,
954,
954,
958,
945,
948,
939,
938,
940,
940,
939,
940,
941,
939,
935,
937,
936,
941,
937,
937,
938,
938,
939,
937,
937,
939,
939,
939,
941,
941,
939,
939,
938,
941,
937,
935,
934,
935,
936,
936,
936,
939,
939,
935,
935,
936,
936,
936,
935,
934,
939,
935,
935,
941,
935,
934,
934,
933,
935,
934,
933,
938,
932,
933,
934,
935,
940,
940,
935,
936,
936,
935,
935,
935,
936,
938,
933,
934,
939,
932,
934,
931,
932,
931,
931,
931,
932,
930,
932,
932,
931,
936,
936,
936,
938,
937,
937,
932,
931,
937,
934,
934,
929,
928,
930,
925,
931,
929,
929,
930,
931,
928,
930,
930,
931,
930,
937,
931,
931,
930,
932,
933,
934,
933,
934,
935,
933,
935,
934,
932,
933,
935,
931,
932,
935,
931,
932,
930,
930,
932,
931,
935,
930,
931,
930,
933,
933,
934,
936,
935,
933,
935,
934,
936,
935,
934,
935,
935,
937,
939,
936,
937,
939,
939,
939,
938,
939,
939,
937,
938,
939,
941,
939,
938,
941,
942,
940,
942,
944,
946,
943,
946,
945,
947,
948,
948,
949,
948,
946,
947,
946,
945,
943,
947,
948,
949,
949,
948,
947,
948,
948,
945,
946,
951,
950,
952,
951,
953,
950,
944,
942,
942,
942,
937,
943,
941,
939,
940,
940,
940,
943,
943,
943,
942,
944,
950,
946,
944,
945,
949,
946,
947,
947,
948,
948,
946,
945,
947,
945,
947,
946,
945,
947,
946,
945,
948,
948,
948,
948,
950,
948,
949,
947,
946,
943,
945,
945,
944,
944,
946,
943,
943,
943,
943,
943,
943,
945,
943,
943,
944,
947,
950,
948,
948,
950,
952,
950,
951,
950,
951,
951,
952,
950,
947,
954,
946,
947,
942,
943,
940,
944,
943,
942,
939,
943,
942,
935,
934,
938,
937,
938,
939,
939,
945,
941,
943,
940,
941,
942,
943,
942,
945,
946,
945,
941,
940,
939,
941,
939,
938,
940,
938,
940,
939,
939,
936,
941,
939,
939,
942,
940,
938,
937,
936,
937,
938,
936,
937,
935,
940,
936,
935,
939,
937,
936,
933,
935,
934,
935,
939,
939,
937,
937,
938,
938,
934,
933,
932,
934,
936,
937,
936,
938,
935,
936,
937,
941,
943,
943,
947,
929,
930,
930,
930,
931,
932,
929,
929,
927,
927,
928,
926,
925,
927,
926,
928,
928,
928,
928,
929,
930,
931,
929,
930,
927,
933,
931,
933,
935,
935,
934,
934,
935,
936,
938,
940,
943,
936,
942,
942,
950,
945,
958,
957,
962,
967,
952,
956,
969,
959,
962,
960,
954,
967,
958,
955,
947,
953,
952,
952,
957,
958,
961,
964,
959,
955,
956,
957,
960,
968,
961,
961,
963,
960,
963,
964,
967,
971,
975,
966,
969,
964,
965,
964,
964,
967,
971,
974,
983,
957,
951,
968,
959,
961,
961,
951,
950,
954,
952,
955,
955,
952,
955,
958,
953,
958,
957,
959,
959,
956,
955,
958,
969,
966,
958,
948,
955,
944,
950,
948,
944,
947,
942,
939,
941,
941,
951,
945,
942,
943,
942,
945,
943,
936,
935,
939,
941,
941,
936,
934,
938,
936,
935,
936,
938,
935,
928,
932,
934,
932,
934,
935,
934,
936,
936,
936,
929,
931,
931,
934,
933,
930,
926,
930,
929,
924,
926,
929,
926,
928,
930,
928,
929,
929,
932,
931,
934,
934,
933,
926,
926,
926,
923,
927,
924,
926,
924,
926,
923,
925,
926,
923,
923,
922,
921,
921,
920,
925,
926,
927,
932,
924,
919,
923,
921,
923,
917,
922,
923,
922,
923,
920,
923,
920,
920,
924,
923,
921,
922,
931,
919,
922,
920,
924,
921,
920,
918,
920,
921,
923,
918,
921,
922,
921,
920,
925,
923,
922,
922,
922,
922,
922,
922,
921,
922,
916,
921,
921,
921,
922,
922,
920,
923,
922,
926,
920,
922,
922,
920,
921,
920,
923,
923,
923,
921,
921,
923,
923,
925,
923,
920,
920,
922,
923,
921,
921,
922,
925,
917,
919,
913,
918,
917,
917,
926,
921,
918,
919,
922,
922,
927,
923,
924,
922,
924,
918,
921,
920,
923,
922,
922,
920,
923,
917,
920,
918,
922,
922,
920,
924,
920,
920,
923,
921,
922,
925,
919,
920,
920,
921,
922,
921,
922,
922,
921,
918,
925,
921,
922,
927,
920,
923,
924,
921,
921,
923,
922,
921,
921,
919,
922,
924,
918,
920,
921,
926,
921,
919,
923,
921,
924,
926,
927,
924,
923,
921,
922,
923,
922,
924,
921,
922,
924,
921,
921,
924,
927,
923,
922,
924,
924,
923,
924,
920,
922,
921,
916,
921,
920,
920,
921,
921,
923,
918,
921,
916,
919,
919,
918,
922,
916,
917,
918,
919,
917,
920,
919,
923,
919,
918,
919,
918,
919,
919,
917,
919,
918,
921,
920,
921,
920,
924,
918,
915,
918,
916,
918,
919,
918,
919,
919,
917,
918,
918,
918,
919,
919,
917,
915,
919,
919,
917,
916,
919,
916,
919,
917,
915,
917,
918,
920,
913,
917,
916,
916,
918,
919,
917,
916,
921,
920,
917,
917,
917,
917,
915,
918,
916,
917,
916,
916,
918,
916,
913,
916,
916,
917,
919,
917,
918,
918,
916,
917,
914,
918,
917,
916,
916,
917,
917,
914,
915,
916,
917,
916,
917,
917,
917,
917,
917,
912,
917,
913,
914,
915,
914,
915,
907,
915,
917,
915,
921,
915,
916,
916,
919,
915,
915,
918,
918,
920,
920,
917,
918,
916,
919,
918,
916,
917,
918,
920,
918,
918,
918,
919,
917,
916,
913,
919,
916,
921,
918,
919,
919,
917,
916,
921,
917,
916,
915,
917,
919,
915,
917,
919,
918,
918,
922,
918,
923,
919,
914,
918,
915,
917,
916,
917,
920,
917,
915,
915,
922,
916,
913,
918,
916,
916,
913,
920,
913,
915,
919,
915,
916,
917,
916,
919,
917,
916,
915,
915,
916,
915,
916,
917,
916,
915,
917,
915,
914,
917,
917,
917,
916,
914,
913,
915,
916,
917,
918,
913,
917,
913,
916,
916,
917,
914,
914,
918,
918,
920,
918,
918,
917,
914,
918,
921,
920,
919,
919,
917,
919,
917,
918,
917,
918,
914,
919,
919,
916,
917,
917,
914,
916,
919,
918,
917,
920,
917,
923,
919,
919,
923,
919,
918,
916,
917,
921,
916,
918,
915,
918,
917,
911,
916,
913,
918,
917,
919,
915,
916,
917,
917,
919,
920,
920,
914,
921,
924,
919,
918,
919,
920,
920,
922,
915,
918,
919,
920,
918,
919,
918,
915,
917,
916,
915,
914,
913,
914,
915,
917,
918,
912,
910,
913,
916,
915,
916,
914,
915,
915,
915,
916,
917,
914,
916,
918,
915,
914,
916,
916,
924,
920,
918,
919,
923,
921,
919,
917,
918,
921,
919,
922,
919,
919,
919,
926,
923,
919,
924,
926,
929,
917,
921,
920,
922,
922,
921,
921,
917,
920,
920,
916,
918,
922,
920,
917,
916,
918,
916,
918,
921,
920,
920,
918,
919,
918,
922,
920,
918,
914,
911,
920,
920,
919,
920,
923,
920,
920,
919,
920,
920,
920,
921,
921,
912,
920,
917,
919,
919,
923,
919,
918,
919,
921,
921,
917,
921,
920,
920,
917,
919,
920,
919,
921,
916,
918,
912,
926,
919,
918,
919,
924,
919,
918,
916,
916,
924,
917,
914,
913,
919,
918,
920,
916,
918,
918,
921,
919,
918,
926,
916,
919,
917,
917,
919,
917,
921,
916,
919,
919,
912,
919,
916,
915,
913,
914,
922,
915,
916,
919,
920,
920,
921,
922,
919,
917,
922,
919,
915,
919,
915,
918,
916,
917,
